	Aachen	Adorf	Ahrbergen	Albersloh	Allna	Altenberg	Altentrüdingen	Altlandsberg	Altwarp	Astfeld	Atzendorf	Bardenfleth	Barßel	Bempflingen	Bennin	Benzingerode	Billingsbach	Bockelwitz	Bonn	Borstendorf	Breddin	Brelingen	Bremscheid	Brockhausen	Bruch	Burgrieden	Büdesheim	Clausthal	Cursdorf	Dexbach	Diekhusen	Dreeke	Ebertshausen	Ebstorf	Eichenhofen	Einöllen	Eisenbach	Endenburg-Lehnacker	Engelsbach	Engter	Ensheim	Eschelbronn	Eversen	Exdorf	Falkenthal	Freden	Frohnhausen	Gelting	Gerbstedt	Gersdorf	Gornsdorf	Gottsbüren	Gresenhorst	Groß Ballhausen	Groß Jamno	Groß Mohrdorf	Großwechsungen	Großenwiehe	Grünlichtenberg	Grünow	Götz	Haddorf	Hagen	Hammah	Hartenfels	Hartenstein	Helmers	Herbornseelbach	Herdecke	Hermannsreuth	Hermeskeil	Herrentrup	Herßum	Herzfeld	Hesselteich	Hohenkörben	Hohwacht	Holmkjer	Horheim	Huddestorf	Hundisburg	Höchstädt	Hönebach	Iggingen	Igling	Iversheim	Jacobsdorf	Jeetzel	Jesteburg	Jever	Jonsdorf	Jürgenshagen	Kemmern	Kirch Kogel	Klafferstraß	Klein Rossau	Kleinbottwar	Kruft	Kuhstedt	Köln	Lampertswalde	Landgrafroda	Langenbruck	Leuth	Linz	Lippen	Lippramsdorf	Lohra	Lohrhaupten	Maibrunn	Mastershausen	Maxweiler	Mirow	Mockern	Mörshausen	Neu Schadow	Niederasphe	Niederauerbach	Niedernhausen	Nürnberg	Oberau	Oberhomberg	Obermaiselstein	Oberviehbach	Oberwürzbach	Odenspiel	Offdilln	Ohrdorf	Oiste	Orferode	Osterbruch	Osterfeld	Osterhagen	Ottowind	Peterskirchen	Pfaffenrot	Pielenhofen	Pretzsch	Pöttmes	Rammenau	Ramsau	Reelkirchen	Reetz	Ringgau-Röhrda	Rosenthal	Roßwein	Ruhlsdorf	Schachach	Schauenstein	Schellroda	Schmannewitz	Schnepfenbach	Schraden	Schwabstedt	Schömberg	Schönbeck	Seelbach	Siebenbach	Stöcken	Tann	Theuma	Treffelstein	Ulbering	Ungstein	Unterellen	Valdorf	Verchen	Vielbrunn	Vietmannsdorf	Volkershausen	Wangerooge	Warpe	Wasbek	Wasbüttel	Wehrsdorf	Weidenbach	Wemb	Wentorf	Weyhers	Wieda	Wildpoldsried	Winterspelt	Wittelsberg	Wolgast	Wüllen	Zellingen
Aachen	0	0.221022	0.237985	0.232156	0.212818	0.231244	0.225447	0.229072	0.230034	0.220642	0.22405	0.230961	0.218073	0.211923	0.23758	0.235862	0.214796	0.233753	0.20236	0.235127	0.223292	0.237093	0.243959	0.222942	0.176595	0.22139	0.199985	0.223468	0.228747	0.208827	0.239525	0.226133	0.224481	0.235967	0.230284	0.215692	0.202088	0.224951	0.213338	0.227697	0.214219	0.204063	0.230716	0.227841	0.231593	0.215678	0.216059	0.245385	0.243481	0.227912	0.23606	0.229538	0.232802	0.230605	0.228441	0.228987	0.234909	0.230685	0.227821	0.227046	0.21994	0.240026	0.240938	0.22153	0.220788	0.221754	0.215222	0.20795	0.222576	0.239652	0.199617	0.241667	0.219652	0.241207	0.232078	0.23769	0.217201	0.217123	0.207553	0.24573	0.236021	0.219765	0.2211	0.204745	0.213362	0.20925	0.219178	0.23185	0.220916	0.226938	0.245219	0.234808	0.225787	0.239555	0.237862	0.225225	0.235957	0.202238	0.221173	0.186989	0.22087	0.230039	0.23351	0.203225	0.228321	0.220397	0.217204	0.204183	0.195487	0.249607	0.183442	0.225382	0.228228	0.232796	0.221861	0.234839	0.205201	0.192995	0.192883	0.225824	0.243761	0.208646	0.23827	0.225587	0.21814	0.207447	0.199834	0.234743	0.237102	0.227061	0.231119	0.247998	0.236869	0.225032	0.237695	0.216545	0.219042	0.220004	0.239795	0.231248	0.245492	0.233826	0.21922	0.231973	0.196384	0.232893	0.226624	0.234542	0.22594	0.226974	0.23064	0.227077	0.230919	0.226699	0.21673	0.222263	0.221385	0.19108	0.225448	0.214197	0.226157	0.22323	0.245185	0.227207	0.22605	0.235644	0.250573	0.205673	0.232104	0.231723	0.217073	0.225644	0.210919	0.228505	0.249668	0.235479	0.221189	0.233734	0.211212	0.225935	0.227347	0.204686	0.211918	0.215984	0.233339	0.207602
Adorf	0.221022	0	0.175844	0.194723	0.205499	0.217919	0.230876	0.201767	0.21938	0.18146	0.193512	0.208837	0.184418	0.207301	0.221269	0.210825	0.217918	0.203297	0.225315	0.231177	0.218911	0.205686	0.193064	0.147204	0.201951	0.208574	0.19643	0.217686	0.217071	0.214134	0.19949	0.198543	0.238629	0.218812	0.226594	0.23163	0.194285	0.23079	0.219678	0.167746	0.221487	0.204675	0.195695	0.226981	0.220731	0.189082	0.20328	0.239207	0.217632	0.217409	0.238405	0.193633	0.213145	0.2118	0.200265	0.206652	0.217805	0.217273	0.210334	0.225929	0.189727	0.208322	0.213246	0.20098	0.216563	0.190123	0.229719	0.21577	0.181348	0.232976	0.2183	0.176425	0.199504	0.22938	0.198722	0.228761	0.208009	0.211124	0.214897	0.208475	0.204266	0.21285	0.230477	0.197046	0.220638	0.225085	0.208125	0.218479	0.205657	0.200611	0.229284	0.219177	0.221122	0.226311	0.223595	0.231789	0.234984	0.220893	0.195682	0.213157	0.211673	0.207537	0.215119	0.211647	0.199886	0.199318	0.182715	0.206357	0.21563	0.250167	0.209581	0.222121	0.223584	0.223609	0.207512	0.208425	0.210691	0.202711	0.204624	0.225625	0.232889	0.208986	0.235656	0.219195	0.218301	0.228433	0.204732	0.199848	0.206332	0.198683	0.204362	0.228275	0.183432	0.221833	0.2341	0.20893	0.209819	0.208554	0.226379	0.219697	0.238761	0.177712	0.194183	0.207201	0.190411	0.21863	0.201325	0.220297	0.210452	0.210842	0.204346	0.213583	0.220716	0.211296	0.210136	0.21811	0.218388	0.216502	0.195585	0.221761	0.234252	0.203973	0.217988	0.238047	0.223417	0.205236	0.223234	0.197793	0.221905	0.221844	0.204894	0.185404	0.197086	0.186953	0.20897	0.216114	0.202656	0.212051	0.214572	0.212567	0.232679	0.228384	0.212763	0.203612	0.200652	0.215886
Ahrbergen	0.237985	0.175844	0	0.189338	0.229711	0.207098	0.230461	0.192873	0.202	0.158946	0.178158	0.196741	0.172209	0.220327	0.194474	0.19466	0.2346	0.199296	0.228383	0.223439	0.201343	0.174546	0.183019	0.174966	0.21194	0.22416	0.226211	0.206981	0.218926	0.222409	0.198409	0.171521	0.23487	0.189297	0.227162	0.222922	0.215409	0.237174	0.220024	0.184113	0.225394	0.215843	0.179552	0.234545	0.203891	0.161023	0.215669	0.244947	0.217004	0.20058	0.236934	0.181107	0.202583	0.205843	0.204811	0.190474	0.210016	0.195441	0.20159	0.213431	0.185911	0.203174	0.191967	0.182411	0.215268	0.207293	0.240565	0.222514	0.177626	0.23321	0.216905	0.186253	0.174853	0.202434	0.174857	0.192883	0.188769	0.194681	0.225191	0.177886	0.190462	0.220475	0.210524	0.220244	0.230952	0.240486	0.192507	0.201706	0.191473	0.186794	0.216194	0.194693	0.219859	0.203283	0.22684	0.213671	0.237734	0.227822	0.182437	0.218015	0.209305	0.204214	0.230002	0.227435	0.200437	0.191077	0.192392	0.214197	0.225389	0.247365	0.216194	0.229634	0.206507	0.220873	0.204021	0.211722	0.21557	0.220478	0.213563	0.213421	0.235058	0.215971	0.243987	0.233892	0.228962	0.216203	0.222001	0.186701	0.171352	0.205589	0.188694	0.226102	0.17588	0.218736	0.225866	0.226768	0.227096	0.198076	0.240949	0.207027	0.235207	0.18049	0.188274	0.197103	0.208992	0.205348	0.19025	0.223114	0.217492	0.214035	0.199388	0.229415	0.217226	0.191423	0.220192	0.203128	0.225808	0.227811	0.172518	0.237139	0.218588	0.217271	0.214372	0.234481	0.216074	0.178191	0.204767	0.216126	0.19709	0.234555	0.182561	0.175914	0.198425	0.143748	0.210569	0.216785	0.217243	0.185065	0.239249	0.198971	0.239021	0.231385	0.2252	0.181191	0.198115	0.232275
Albersloh	0.232156	0.194723	0.189338	0	0.240178	0.240692	0.241708	0.216374	0.201925	0.206314	0.203859	0.203849	0.189039	0.225267	0.190365	0.207356	0.237175	0.222004	0.219672	0.239864	0.191719	0.194344	0.185685	0.187785	0.227154	0.226794	0.23031	0.233064	0.241298	0.23737	0.185466	0.180062	0.243016	0.185473	0.225617	0.239656	0.222542	0.240593	0.226652	0.182439	0.232854	0.230797	0.179914	0.244913	0.204272	0.193665	0.240251	0.243336	0.242611	0.226134	0.242953	0.183891	0.190882	0.224473	0.232536	0.191217	0.236606	0.181463	0.219908	0.195683	0.199308	0.170158	0.183805	0.178825	0.221856	0.222116	0.233579	0.233303	0.173471	0.231266	0.226633	0.206998	0.175916	0.198874	0.178444	0.196046	0.195557	0.175839	0.226691	0.198305	0.20046	0.228595	0.210903	0.226863	0.227479	0.228321	0.21402	0.191566	0.178947	0.186846	0.240264	0.188501	0.230058	0.198395	0.233817	0.209487	0.237435	0.226505	0.174019	0.227708	0.225965	0.239006	0.237163	0.230604	0.224242	0.220461	0.186458	0.230209	0.224719	0.247392	0.22336	0.235651	0.204897	0.24292	0.225325	0.229857	0.239557	0.233068	0.228211	0.229131	0.247611	0.231338	0.236275	0.233211	0.242525	0.226666	0.22726	0.189297	0.173275	0.227461	0.188027	0.244011	0.203886	0.230462	0.225306	0.2336	0.232291	0.226084	0.247511	0.231686	0.244156	0.203225	0.217965	0.211508	0.230902	0.230447	0.20996	0.234437	0.229022	0.231822	0.225293	0.236867	0.238645	0.183513	0.235652	0.19485	0.233992	0.227447	0.185695	0.237681	0.237522	0.226824	0.222599	0.23786	0.220291	0.189112	0.202705	0.221402	0.196278	0.245504	0.187142	0.191276	0.189677	0.185833	0.228932	0.219552	0.225208	0.182671	0.242836	0.218075	0.237229	0.225879	0.23814	0.179072	0.203643	0.233413
Allna	0.212818	0.205499	0.229711	0.240178	0	0.209602	0.188864	0.192321	0.227584	0.218329	0.223123	0.237725	0.22565	0.189561	0.231253	0.228657	0.18588	0.193514	0.21362	0.209821	0.232839	0.24083	0.238532	0.216911	0.181002	0.195481	0.152767	0.188926	0.215977	0.136527	0.22674	0.23982	0.200491	0.229754	0.219689	0.181858	0.15196	0.204467	0.208516	0.231667	0.183409	0.175112	0.22809	0.197045	0.218878	0.205099	0.155088	0.212997	0.223933	0.188945	0.223247	0.232185	0.236	0.218547	0.198341	0.223153	0.222624	0.231263	0.191872	0.23601	0.219648	0.237109	0.234659	0.233422	0.193348	0.18714	0.212162	0.141853	0.230203	0.2247	0.191739	0.231689	0.229455	0.247188	0.240536	0.251332	0.228745	0.226125	0.206123	0.234343	0.227844	0.185352	0.206368	0.184591	0.196571	0.221082	0.218446	0.235502	0.223755	0.235598	0.203758	0.24707	0.18996	0.242863	0.211689	0.24519	0.213776	0.189371	0.217664	0.202797	0.203773	0.20485	0.198131	0.218331	0.198358	0.202958	0.208655	0.125277	0.158301	0.228263	0.169584	0.189609	0.240595	0.215874	0.201884	0.1965	0.14148	0.176753	0.151257	0.191887	0.22258	0.199841	0.228692	0.189926	0.202505	0.218883	0.146277	0.230495	0.238282	0.196771	0.232578	0.215957	0.231787	0.183855	0.221822	0.184382	0.191474	0.197457	0.21616	0.194944	0.227293	0.234255	0.210397	0.210752	0.147664	0.202906	0.216332	0.198359	0.184057	0.211572	0.194168	0.193288	0.193235	0.22971	0.196964	0.234083	0.204638	0.191902	0.229145	0.189919	0.213092	0.194436	0.202602	0.198466	0.200674	0.24751	0.238932	0.165295	0.223785	0.192732	0.223637	0.222676	0.226327	0.232396	0.207183	0.197198	0.221663	0.230341	0.182709	0.21103	0.202792	0.219426	0.122517	0.226303	0.223975	0.183297
Altenberg	0.231244	0.217919	0.207098	0.240692	0.209602	0	0.218736	0.164178	0.225562	0.198589	0.203901	0.243968	0.221414	0.21227	0.232955	0.217788	0.216376	0.163479	0.227402	0.168375	0.223084	0.223214	0.23262	0.22462	0.195297	0.211589	0.207918	0.169408	0.173198	0.191438	0.238488	0.221338	0.209881	0.228587	0.228147	0.198253	0.198268	0.234355	0.191215	0.24057	0.211677	0.193238	0.216706	0.192357	0.208648	0.206864	0.191467	0.227305	0.190514	0.158385	0.187282	0.214918	0.237672	0.199827	0.16053	0.233326	0.206516	0.233026	0.152816	0.225101	0.186139	0.234177	0.228131	0.231616	0.194588	0.208682	0.22533	0.198802	0.230298	0.224246	0.18663	0.229343	0.216669	0.239159	0.227866	0.236565	0.22979	0.224821	0.222099	0.225957	0.216955	0.212896	0.202565	0.211441	0.222563	0.240575	0.203868	0.237465	0.22687	0.23291	0.166283	0.239256	0.201778	0.233156	0.217583	0.227393	0.224071	0.204007	0.216933	0.210767	0.161428	0.177506	0.210183	0.239481	0.150461	0.157869	0.233968	0.205269	0.205427	0.234225	0.192805	0.213237	0.232095	0.16095	0.176437	0.176172	0.187271	0.190365	0.180836	0.190669	0.21988	0.212236	0.247673	0.212908	0.216052	0.224793	0.205248	0.227668	0.224091	0.202542	0.229438	0.181714	0.232655	0.201769	0.207781	0.21008	0.209238	0.170797	0.229152	0.158367	0.224659	0.226553	0.191495	0.198695	0.178337	0.144914	0.190405	0.204842	0.194394	0.191408	0.159638	0.208361	0.156045	0.231162	0.224683	0.234735	0.218323	0.217743	0.21997	0.221324	0.17971	0.206054	0.210706	0.206444	0.208067	0.222848	0.241818	0.203777	0.210792	0.221107	0.219021	0.223289	0.236454	0.211646	0.176391	0.207035	0.242569	0.234971	0.220037	0.201467	0.219537	0.217449	0.202512	0.223263	0.229786	0.21567
Altentrüdingen	0.225447	0.230876	0.230461	0.241708	0.188864	0.218736	0	0.200262	0.23988	0.216764	0.231777	0.240922	0.228893	0.137842	0.228871	0.228978	0.12353	0.211981	0.223293	0.216271	0.234939	0.235732	0.247128	0.221551	0.193767	0.160099	0.15981	0.183878	0.213466	0.177683	0.244585	0.239865	0.20446	0.239346	0.19903	0.188091	0.161474	0.169278	0.229861	0.233529	0.167563	0.143719	0.232754	0.195796	0.229948	0.211731	0.177017	0.169857	0.238781	0.206614	0.221732	0.22658	0.240897	0.228165	0.203595	0.227547	0.224476	0.234803	0.201439	0.241148	0.234984	0.240781	0.232336	0.244316	0.202707	0.178671	0.202263	0.179981	0.239451	0.210473	0.196454	0.229548	0.227518	0.247644	0.244025	0.247569	0.229786	0.224595	0.170886	0.232531	0.232854	0.152189	0.205024	0.143003	0.152012	0.232688	0.232033	0.235379	0.234654	0.249195	0.197247	0.24598	0.162378	0.244657	0.180596	0.241912	0.188389	0.191286	0.22696	0.203647	0.214796	0.227691	0.164468	0.236838	0.202753	0.202389	0.227358	0.169486	0.171275	0.214879	0.165035	0.152364	0.241191	0.217166	0.21131	0.209716	0.181486	0.158315	0.166886	0.16649	0.184959	0.157454	0.187457	0.176743	0.189138	0.21649	0.177287	0.224041	0.238975	0.195538	0.244186	0.234228	0.246289	0.167197	0.197422	0.14387	0.165739	0.203254	0.179858	0.206136	0.212679	0.233898	0.231368	0.212323	0.17943	0.209149	0.233874	0.168505	0.157726	0.22338	0.202543	0.169983	0.229492	0.238003	0.155184	0.240463	0.174148	0.191168	0.227959	0.187627	0.215599	0.171995	0.170935	0.186044	0.223403	0.242251	0.24405	0.153537	0.220085	0.151639	0.229865	0.235539	0.229896	0.22947	0.212032	0.152085	0.221461	0.236176	0.18385	0.206885	0.168777	0.225955	0.176526	0.230082	0.21913	0.150422
Altlandsberg	0.229072	0.201767	0.192873	0.216374	0.192321	0.164178	0.200262	0	0.200246	0.185074	0.182307	0.22583	0.20678	0.192488	0.209073	0.195261	0.202227	0.128408	0.208186	0.173525	0.202117	0.214078	0.219461	0.208947	0.175328	0.18921	0.192346	0.169545	0.178478	0.169482	0.229458	0.214173	0.19021	0.208999	0.210222	0.188168	0.178562	0.214233	0.171525	0.225787	0.195063	0.180938	0.204848	0.193834	0.182138	0.189871	0.181742	0.201321	0.176358	0.157216	0.191914	0.209506	0.208165	0.19417	0.127711	0.204473	0.189072	0.219879	0.134996	0.20266	0.169632	0.22683	0.209259	0.220901	0.171057	0.184991	0.206649	0.183085	0.210423	0.206592	0.173167	0.219592	0.200499	0.223531	0.214276	0.225848	0.210924	0.208745	0.195507	0.207785	0.182425	0.183212	0.182886	0.194834	0.200213	0.222631	0.183506	0.214876	0.21197	0.219539	0.169931	0.219869	0.182127	0.222727	0.201084	0.209319	0.206732	0.190865	0.206431	0.187481	0.149843	0.15868	0.189949	0.232154	0.143368	0.120225	0.214046	0.184624	0.18965	0.215946	0.179828	0.188244	0.2186	0.178948	0.167186	0.149687	0.174348	0.180666	0.158892	0.175709	0.202572	0.192051	0.224324	0.192698	0.18888	0.199185	0.18764	0.213421	0.205381	0.187025	0.222961	0.185474	0.224585	0.183302	0.187479	0.192765	0.191952	0.146736	0.217466	0.165849	0.209982	0.218138	0.164752	0.183201	0.166416	0.147595	0.162421	0.18444	0.18413	0.187972	0.14997	0.198526	0.164668	0.221802	0.205687	0.21332	0.202669	0.201493	0.197809	0.204659	0.178041	0.186658	0.191548	0.193734	0.178318	0.213252	0.219813	0.18979	0.185107	0.199148	0.196759	0.202762	0.22075	0.198396	0.177781	0.174993	0.22556	0.217594	0.203168	0.175381	0.199679	0.201334	0.193432	0.202645	0.211614	0.20304
Altwarp	0.230034	0.21938	0.202	0.201925	0.227584	0.225562	0.23988	0.200246	0	0.214266	0.188312	0.199314	0.194885	0.22835	0.184904	0.19875	0.237257	0.204895	0.236673	0.223123	0.163343	0.208882	0.222585	0.213884	0.214999	0.231649	0.233196	0.227775	0.237335	0.2262	0.193315	0.202583	0.233028	0.18325	0.229017	0.224435	0.22294	0.236497	0.211798	0.200563	0.222633	0.225696	0.189062	0.238387	0.169788	0.207737	0.228018	0.240633	0.234963	0.208908	0.233723	0.218854	0.17812	0.229112	0.209843	0.162455	0.226608	0.187461	0.202159	0.155935	0.191368	0.197052	0.175918	0.192522	0.209834	0.224351	0.232503	0.22671	0.197458	0.238686	0.224126	0.221925	0.19545	0.185086	0.216635	0.206015	0.172854	0.181041	0.233395	0.20252	0.175997	0.227183	0.214225	0.229799	0.23274	0.243229	0.199454	0.18585	0.181939	0.190772	0.231053	0.174589	0.228357	0.173682	0.232793	0.173577	0.24522	0.225473	0.180294	0.213477	0.21136	0.220831	0.236328	0.239576	0.22187	0.20193	0.201349	0.228803	0.223848	0.252402	0.213251	0.226626	0.161963	0.232931	0.213904	0.209811	0.224716	0.220395	0.217651	0.206249	0.241767	0.236474	0.250033	0.235186	0.233076	0.21713	0.230675	0.201346	0.192985	0.233151	0.194378	0.237281	0.211148	0.226364	0.224721	0.225294	0.236579	0.207168	0.242725	0.221893	0.24602	0.217909	0.19512	0.221782	0.232195	0.218531	0.193107	0.232425	0.227638	0.219178	0.215854	0.233571	0.216342	0.191855	0.241369	0.16773	0.230341	0.229443	0.182089	0.225247	0.226379	0.221236	0.233925	0.231877	0.206949	0.21238	0.187648	0.222656	0.162432	0.246166	0.186574	0.185071	0.19067	0.204252	0.229625	0.220557	0.220846	0.183022	0.23587	0.218916	0.234762	0.236341	0.228254	0.16564	0.208907	0.23982
Astfeld	0.220642	0.18146	0.158946	0.206314	0.218329	0.198589	0.216764	0.185074	0.214266	0	0.182826	0.20803	0.169895	0.212194	0.21364	0.196172	0.215816	0.191975	0.236954	0.223011	0.202363	0.199922	0.20354	0.183982	0.202583	0.214471	0.210544	0.197386	0.201554	0.205013	0.21644	0.192763	0.237497	0.200947	0.232989	0.215091	0.208652	0.237625	0.221733	0.196914	0.22503	0.200959	0.188955	0.23255	0.204637	0.168877	0.197458	0.243345	0.217822	0.202805	0.23684	0.187377	0.213151	0.218332	0.199381	0.203499	0.21484	0.214266	0.201451	0.208604	0.187493	0.218308	0.207292	0.20818	0.207174	0.213062	0.233015	0.200811	0.199649	0.236049	0.205658	0.202469	0.189576	0.217127	0.205861	0.210481	0.199931	0.216504	0.213522	0.193208	0.187189	0.210487	0.22171	0.21881	0.223469	0.245948	0.193603	0.215748	0.211155	0.200791	0.209268	0.210425	0.221168	0.209344	0.230319	0.216891	0.24012	0.209835	0.192087	0.211453	0.201975	0.204231	0.222991	0.221018	0.193275	0.183016	0.207196	0.196002	0.216	0.247482	0.194857	0.231304	0.219031	0.205888	0.202896	0.201474	0.198692	0.208028	0.193318	0.215644	0.235324	0.214006	0.246628	0.235702	0.229249	0.223238	0.199616	0.197602	0.202806	0.210877	0.214373	0.220623	0.187964	0.224194	0.232181	0.216932	0.226064	0.198678	0.233866	0.208407	0.240738	0.191292	0.187734	0.210234	0.195532	0.205677	0.194808	0.220727	0.209677	0.218804	0.196115	0.214454	0.209374	0.214768	0.218331	0.209846	0.230297	0.219238	0.181203	0.228324	0.215035	0.214824	0.221465	0.220484	0.215087	0.200524	0.216952	0.211176	0.201187	0.223172	0.193006	0.177041	0.207572	0.171733	0.205323	0.20991	0.211993	0.212039	0.227274	0.203163	0.235107	0.233443	0.209906	0.19005	0.198365	0.219679
Atzendorf	0.22405	0.193512	0.178158	0.203859	0.223123	0.203901	0.231777	0.182307	0.188312	0.182826	0	0.211317	0.188335	0.223594	0.202627	0.16933	0.22356	0.18936	0.225841	0.206903	0.19183	0.18457	0.213828	0.197965	0.204802	0.220531	0.218183	0.20599	0.205026	0.210412	0.213367	0.192803	0.226867	0.200974	0.233763	0.220607	0.205208	0.229293	0.198763	0.203615	0.221274	0.207306	0.1902	0.22984	0.181031	0.192271	0.211481	0.238058	0.195249	0.196164	0.218828	0.19076	0.205036	0.200742	0.187701	0.18431	0.190636	0.202481	0.191228	0.188925	0.151793	0.206565	0.193119	0.206436	0.205352	0.209648	0.226631	0.222437	0.189202	0.235113	0.208049	0.207011	0.189048	0.204537	0.202763	0.202925	0.201771	0.19179	0.226708	0.190158	0.153273	0.219805	0.205066	0.218151	0.227309	0.234843	0.172659	0.209099	0.205493	0.212446	0.204427	0.198749	0.217187	0.201622	0.228726	0.203094	0.235254	0.22149	0.1957	0.20639	0.197925	0.196487	0.227018	0.224144	0.186909	0.179448	0.208806	0.218547	0.220392	0.24453	0.209664	0.22427	0.205898	0.212509	0.184969	0.195422	0.208788	0.206346	0.200717	0.211549	0.237802	0.223094	0.247313	0.229678	0.22368	0.21462	0.221059	0.19677	0.199126	0.202651	0.214848	0.219075	0.189795	0.219012	0.226668	0.219668	0.228733	0.172411	0.240306	0.203838	0.241573	0.203046	0.159409	0.193985	0.202219	0.202507	0.176446	0.22471	0.207918	0.193869	0.191344	0.229962	0.201248	0.205275	0.226645	0.199522	0.215645	0.222879	0.189593	0.224982	0.209913	0.215441	0.225219	0.232594	0.198062	0.197297	0.203684	0.212216	0.176239	0.233891	0.195983	0.187297	0.209427	0.16686	0.206589	0.214775	0.222531	0.20016	0.226448	0.184929	0.236061	0.221067	0.218308	0.182253	0.205754	0.226747
Bardenfleth	0.230961	0.208837	0.196741	0.203849	0.237725	0.243968	0.240922	0.22583	0.199314	0.20803	0.211317	0	0.175179	0.228564	0.200637	0.212757	0.244332	0.233223	0.243353	0.248451	0.194971	0.20034	0.227808	0.202608	0.231903	0.234096	0.230159	0.238437	0.254236	0.238313	0.194627	0.183342	0.255825	0.19681	0.235921	0.245483	0.234903	0.232982	0.22864	0.187939	0.237587	0.239013	0.178891	0.255462	0.197821	0.20572	0.23905	0.240926	0.261027	0.235561	0.260058	0.211304	0.194509	0.241766	0.229007	0.198276	0.247713	0.186668	0.227441	0.213517	0.207316	0.202721	0.198894	0.172928	0.225331	0.22629	0.245559	0.243759	0.198935	0.246117	0.230345	0.210187	0.192489	0.199863	0.223009	0.190052	0.165674	0.185578	0.232724	0.197687	0.212239	0.234275	0.230735	0.2334	0.232711	0.239968	0.213219	0.193219	0.184162	0.166317	0.244056	0.191844	0.227797	0.211139	0.235248	0.21047	0.256953	0.242275	0.169326	0.222088	0.237076	0.241437	0.229157	0.231221	0.236815	0.230911	0.193218	0.234411	0.243353	0.260999	0.228875	0.237588	0.212061	0.248901	0.233063	0.238151	0.237039	0.236821	0.230284	0.225501	0.240135	0.236529	0.254124	0.238191	0.249447	0.226496	0.236963	0.189204	0.177719	0.228665	0.1847	0.255044	0.20422	0.235663	0.242712	0.241402	0.229544	0.234744	0.240538	0.23229	0.250456	0.214959	0.21196	0.230028	0.238511	0.238404	0.21511	0.23282	0.228733	0.237714	0.24047	0.232847	0.245933	0.181118	0.241771	0.207267	0.241531	0.243187	0.160182	0.235931	0.250318	0.228387	0.236572	0.252177	0.2247	0.219137	0.210905	0.231469	0.208384	0.251372	0.170711	0.171084	0.196687	0.192887	0.239125	0.221891	0.206939	0.189492	0.237743	0.226286	0.245176	0.244169	0.238903	0.180309	0.183297	0.240275
Barßel	0.218073	0.184418	0.172209	0.189039	0.22565	0.221414	0.228893	0.20678	0.194885	0.169895	0.188335	0.175179	0	0.211246	0.182813	0.201564	0.22127	0.209875	0.22814	0.236459	0.18969	0.186007	0.202628	0.17083	0.205047	0.208047	0.209902	0.218009	0.231218	0.221409	0.189997	0.172436	0.246398	0.18381	0.22316	0.233989	0.212616	0.228467	0.216633	0.175294	0.219539	0.213596	0.164687	0.23812	0.19285	0.184827	0.208333	0.235417	0.226924	0.205263	0.2373	0.19223	0.184126	0.216829	0.213574	0.182571	0.22677	0.191585	0.206555	0.198311	0.185841	0.193623	0.183489	0.16988	0.212026	0.193266	0.234247	0.22402	0.181518	0.23382	0.221177	0.187444	0.159956	0.188067	0.190037	0.184463	0.17241	0.18234	0.214936	0.176319	0.20145	0.212181	0.220548	0.205889	0.221868	0.240087	0.195833	0.180442	0.177894	0.152655	0.22189	0.185035	0.211598	0.183941	0.217176	0.206503	0.24697	0.232545	0.170689	0.21577	0.213313	0.218177	0.212571	0.21819	0.210873	0.201558	0.176061	0.214114	0.216777	0.248114	0.20769	0.218275	0.204113	0.226127	0.206537	0.208662	0.217234	0.207773	0.212777	0.209431	0.229015	0.218367	0.245063	0.213393	0.232253	0.2195	0.213912	0.177082	0.168381	0.207416	0.178855	0.238639	0.173067	0.21623	0.230094	0.219097	0.204283	0.211036	0.229836	0.209247	0.233078	0.188086	0.195426	0.212355	0.205347	0.223794	0.20027	0.212262	0.212975	0.219718	0.215715	0.207771	0.231135	0.17668	0.218014	0.201702	0.226491	0.2216	0.146482	0.224188	0.231032	0.20176	0.213895	0.23757	0.215185	0.202667	0.200447	0.218792	0.197954	0.232312	0.165674	0.151773	0.167498	0.171223	0.21802	0.20595	0.2051	0.181389	0.22691	0.19985	0.235918	0.23277	0.219881	0.165702	0.157478	0.214881
Bempflingen	0.211923	0.207301	0.220327	0.225267	0.189561	0.21227	0.137842	0.192488	0.22835	0.212194	0.223594	0.228564	0.211246	0	0.22507	0.223741	0.13121	0.200538	0.216632	0.214689	0.231296	0.236812	0.231963	0.202005	0.185667	0.133774	0.167547	0.193404	0.213956	0.183635	0.233069	0.232896	0.204009	0.230003	0.184533	0.183519	0.168372	0.164969	0.212886	0.205516	0.166582	0.14135	0.223466	0.20562	0.2232	0.193664	0.178805	0.178674	0.230641	0.204275	0.228421	0.225267	0.228785	0.221632	0.200938	0.218239	0.225418	0.226281	0.192962	0.232625	0.224123	0.229646	0.219707	0.22581	0.197734	0.165424	0.202409	0.18024	0.23068	0.205139	0.19942	0.209244	0.220646	0.237879	0.229593	0.251371	0.222827	0.213482	0.152807	0.226626	0.224042	0.125931	0.201047	0.101812	0.134779	0.223021	0.22074	0.2314	0.221716	0.234252	0.203997	0.232312	0.163664	0.230746	0.186637	0.233982	0.164519	0.19885	0.219883	0.19437	0.203919	0.211798	0.171351	0.223456	0.189461	0.189798	0.215618	0.164148	0.175327	0.219229	0.154034	0.154232	0.231422	0.218677	0.212492	0.210813	0.184197	0.155879	0.165451	0.161144	0.178594	0.121825	0.177279	0.170763	0.182556	0.213047	0.171612	0.224594	0.220628	0.190114	0.2278	0.232783	0.234156	0.174678	0.193026	0.134741	0.156206	0.204588	0.18294	0.198325	0.199837	0.210756	0.220853	0.213224	0.183522	0.211552	0.22173	0.169609	0.158285	0.215475	0.193149	0.169971	0.213987	0.226651	0.110861	0.230992	0.158257	0.188159	0.21768	0.187737	0.205358	0.17262	0.174513	0.192005	0.209552	0.231397	0.237348	0.149062	0.226246	0.162552	0.225085	0.218418	0.210929	0.227506	0.204404	0.160988	0.214548	0.22563	0.180943	0.20129	0.152756	0.225521	0.173277	0.214816	0.215504	0.14887
Bennin	0.23758	0.221269	0.194474	0.190365	0.231253	0.232955	0.228871	0.209073	0.184904	0.21364	0.202627	0.200637	0.182813	0.22507	0	0.205715	0.227344	0.217044	0.236812	0.233891	0.186015	0.189009	0.215958	0.211219	0.225647	0.228921	0.216358	0.225161	0.242257	0.227013	0.184073	0.196254	0.232495	0.181463	0.229427	0.231253	0.210646	0.236092	0.218316	0.214436	0.218688	0.220846	0.180404	0.231566	0.192755	0.209001	0.227758	0.237801	0.245793	0.219834	0.241344	0.215731	0.174826	0.229871	0.2255	0.161323	0.230948	0.179621	0.217666	0.187051	0.204307	0.198932	0.170925	0.169348	0.213212	0.212725	0.235011	0.223676	0.198018	0.230518	0.226797	0.226785	0.191445	0.15725	0.209746	0.198367	0.174883	0.168387	0.225835	0.209333	0.204056	0.226923	0.214037	0.221776	0.225966	0.25036	0.214797	0.177591	0.172166	0.176614	0.231246	0.165262	0.207271	0.167783	0.234126	0.197819	0.243538	0.229094	0.165481	0.225783	0.225759	0.23574	0.223648	0.243717	0.227035	0.221754	0.205504	0.220126	0.213639	0.24854	0.214491	0.222453	0.188505	0.241686	0.221057	0.221788	0.22934	0.218262	0.207876	0.216189	0.236821	0.23003	0.247217	0.230779	0.237293	0.224441	0.226799	0.174775	0.181464	0.221937	0.181078	0.246501	0.219045	0.212472	0.225171	0.222204	0.221237	0.214472	0.246296	0.231451	0.235373	0.222199	0.222267	0.221356	0.225268	0.229498	0.210406	0.226281	0.214993	0.231663	0.230731	0.231124	0.234593	0.184243	0.236531	0.177827	0.235512	0.235852	0.174601	0.226629	0.233552	0.216272	0.218357	0.231979	0.222725	0.212184	0.176405	0.216627	0.189137	0.238159	0.178442	0.195541	0.181795	0.187278	0.227076	0.218288	0.229151	0.147536	0.233501	0.217893	0.227662	0.241214	0.231901	0.16009	0.211771	0.223954
Benzingerode	0.235862	0.210825	0.19466	0.207356	0.228657	0.217788	0.228978	0.195261	0.19875	0.196172	0.16933	0.212757	0.201564	0.223741	0.205715	0	0.226607	0.198264	0.232934	0.212712	0.19167	0.198498	0.225658	0.214621	0.213599	0.228789	0.220822	0.21901	0.224402	0.207187	0.217663	0.210865	0.234285	0.194004	0.23376	0.228086	0.212763	0.233154	0.205085	0.214428	0.225179	0.221976	0.198076	0.232182	0.187484	0.205617	0.219858	0.240839	0.214881	0.207743	0.233299	0.20196	0.201955	0.219508	0.198604	0.190487	0.209636	0.204867	0.203047	0.190328	0.181303	0.209955	0.190477	0.208016	0.207581	0.223399	0.230841	0.220266	0.213428	0.235446	0.219343	0.221113	0.204265	0.20769	0.220319	0.208483	0.204971	0.200065	0.227813	0.193222	0.16195	0.228078	0.213462	0.231876	0.234522	0.235955	0.191677	0.210786	0.208066	0.20815	0.218094	0.195976	0.218478	0.209982	0.235132	0.199007	0.243022	0.223668	0.191761	0.216612	0.211278	0.206542	0.233837	0.234719	0.199244	0.198457	0.204575	0.219896	0.219282	0.249253	0.216529	0.223171	0.197506	0.209811	0.200196	0.203954	0.208911	0.214649	0.21519	0.214343	0.246834	0.230289	0.245954	0.23659	0.227351	0.223674	0.223656	0.201744	0.203277	0.218677	0.213952	0.22861	0.203688	0.218874	0.23095	0.228481	0.228348	0.195178	0.248385	0.206792	0.245283	0.209274	0.188841	0.204786	0.208308	0.205173	0.182248	0.225797	0.220704	0.20735	0.205854	0.231987	0.211248	0.20741	0.235852	0.203975	0.225571	0.215726	0.19291	0.230638	0.224738	0.225007	0.22953	0.226507	0.206563	0.210313	0.209074	0.222666	0.192662	0.23485	0.200998	0.194643	0.212061	0.175225	0.212132	0.215417	0.224845	0.205459	0.233581	0.203685	0.232714	0.231433	0.230973	0.18982	0.211743	0.230653
Billingsbach	0.214796	0.217918	0.2346	0.237175	0.18588	0.216376	0.12353	0.202227	0.237257	0.215816	0.22356	0.244332	0.22127	0.13121	0.227344	0.226607	0	0.20576	0.222673	0.20987	0.234725	0.240596	0.243697	0.212382	0.182348	0.155033	0.151813	0.189204	0.210291	0.177667	0.240349	0.237479	0.192535	0.235695	0.190554	0.186216	0.15505	0.164699	0.216734	0.225893	0.159913	0.129867	0.23289	0.184966	0.224799	0.209936	0.175554	0.179171	0.238919	0.193968	0.221802	0.230425	0.236039	0.223347	0.205655	0.218081	0.227192	0.235572	0.198439	0.231038	0.228703	0.235964	0.225514	0.241494	0.208407	0.164395	0.203619	0.170084	0.229725	0.196827	0.195183	0.225686	0.230267	0.244594	0.239541	0.248654	0.233396	0.219409	0.163924	0.235697	0.229882	0.137512	0.210787	0.12661	0.144354	0.232449	0.231365	0.239484	0.22943	0.24511	0.191427	0.236985	0.155327	0.238525	0.181728	0.233678	0.192589	0.19426	0.227794	0.197706	0.213731	0.215125	0.16809	0.226785	0.195867	0.201579	0.209306	0.160238	0.156307	0.220944	0.155856	0.157612	0.235267	0.215531	0.205136	0.210861	0.174671	0.145399	0.156619	0.164337	0.184709	0.143031	0.186363	0.166629	0.182685	0.210564	0.171491	0.225077	0.233933	0.19211	0.23692	0.228409	0.246178	0.155233	0.189491	0.138332	0.150908	0.19928	0.177402	0.196538	0.204303	0.231279	0.218441	0.221292	0.180017	0.206685	0.231866	0.165413	0.150359	0.212338	0.203549	0.160404	0.213667	0.227108	0.14735	0.237651	0.168977	0.184092	0.229735	0.185882	0.211206	0.168976	0.174208	0.185292	0.22135	0.238903	0.233531	0.140947	0.220258	0.150481	0.231092	0.228575	0.219512	0.230097	0.209679	0.153275	0.217732	0.23364	0.181956	0.210758	0.166187	0.228867	0.172146	0.226567	0.219748	0.129732
Bockelwitz	0.233753	0.203297	0.199296	0.222004	0.193514	0.163479	0.211981	0.128408	0.204895	0.191975	0.18936	0.233223	0.209875	0.200538	0.217044	0.198264	0.20576	0	0.223088	0.172266	0.207648	0.215146	0.225578	0.211657	0.182671	0.198377	0.192506	0.176874	0.176543	0.183686	0.2283	0.223203	0.19519	0.215586	0.218743	0.190871	0.187311	0.219398	0.171207	0.226507	0.199665	0.187367	0.21487	0.19522	0.195066	0.196941	0.188662	0.213844	0.16939	0.146995	0.185524	0.211233	0.216684	0.197418	0.148962	0.210804	0.186328	0.222242	0.124205	0.212734	0.185586	0.221347	0.2206	0.227053	0.184043	0.186258	0.204424	0.182459	0.211019	0.219743	0.186585	0.218372	0.208033	0.230306	0.212227	0.237609	0.215293	0.217688	0.20878	0.208917	0.186466	0.198322	0.187112	0.198109	0.211195	0.232704	0.196619	0.223058	0.218676	0.222926	0.16411	0.224597	0.186536	0.21868	0.21373	0.221864	0.210238	0.203529	0.213409	0.199203	0.133327	0.162744	0.197602	0.237725	0.134599	0.133555	0.219223	0.187368	0.188396	0.221542	0.18255	0.194623	0.217872	0.175333	0.167067	0.163945	0.187108	0.188047	0.166605	0.177771	0.207095	0.200079	0.231809	0.197835	0.197564	0.204285	0.192581	0.214682	0.212535	0.190279	0.2278	0.174517	0.216938	0.188201	0.204251	0.194789	0.195801	0.155219	0.216249	0.162156	0.218025	0.215468	0.183249	0.186213	0.174761	0.147062	0.181911	0.193168	0.190817	0.17559	0.1206	0.198008	0.151185	0.224816	0.215176	0.218491	0.195749	0.211966	0.203933	0.206796	0.175284	0.189973	0.198317	0.195694	0.177277	0.215353	0.221334	0.189039	0.193211	0.2089	0.20857	0.20478	0.225463	0.203909	0.162865	0.184174	0.236131	0.222087	0.206386	0.181716	0.207848	0.213235	0.194364	0.205421	0.225086	0.207552
Bonn	0.20236	0.225315	0.228383	0.219672	0.21362	0.227402	0.223293	0.208186	0.236673	0.236954	0.225841	0.243353	0.22814	0.216632	0.236812	0.232934	0.222673	0.223088	0	0.22195	0.223102	0.233171	0.232312	0.227664	0.198583	0.215814	0.207021	0.218152	0.221569	0.21532	0.240811	0.229334	0.214102	0.224775	0.236421	0.204269	0.203124	0.226369	0.219775	0.238662	0.216235	0.204508	0.225887	0.216714	0.220975	0.220685	0.219418	0.246103	0.226813	0.223621	0.221545	0.223665	0.224222	0.224382	0.217961	0.226977	0.2263	0.224655	0.220355	0.224847	0.212719	0.222572	0.223018	0.232492	0.203257	0.218384	0.198807	0.207302	0.216071	0.237994	0.203321	0.243146	0.227625	0.24196	0.236971	0.239811	0.235449	0.2192	0.211773	0.23599	0.218116	0.215318	0.201245	0.221177	0.221936	0.183397	0.217676	0.2351	0.217955	0.236381	0.230236	0.235709	0.222844	0.222773	0.224003	0.226691	0.232999	0.185339	0.217508	0.173775	0.225299	0.221948	0.236526	0.215784	0.217912	0.219924	0.228443	0.214068	0.197398	0.233853	0.19785	0.216711	0.231832	0.227773	0.211433	0.224867	0.218171	0.19924	0.191615	0.22745	0.246909	0.21136	0.225239	0.227226	0.210899	0.200203	0.213418	0.225965	0.232345	0.220958	0.226465	0.236564	0.243308	0.217592	0.221898	0.213725	0.231307	0.210905	0.247496	0.224736	0.247738	0.229827	0.222884	0.209324	0.204968	0.223452	0.218422	0.230424	0.217157	0.226804	0.214382	0.227952	0.228559	0.227073	0.221665	0.228602	0.218906	0.195321	0.2332	0.20507	0.221276	0.224715	0.232717	0.213024	0.208929	0.235568	0.242659	0.211557	0.217935	0.226339	0.215152	0.234195	0.231215	0.220174	0.21925	0.223087	0.218507	0.229531	0.208701	0.215687	0.223208	0.191641	0.213527	0.221039	0.219693	0.217596
Borstendorf	0.235127	0.231177	0.223439	0.239864	0.209821	0.168375	0.216271	0.173525	0.223123	0.223011	0.206903	0.248451	0.236459	0.214689	0.233891	0.212712	0.20987	0.172266	0.22195	0	0.231235	0.236579	0.251257	0.232276	0.191204	0.207979	0.195577	0.174721	0.186527	0.196655	0.240507	0.240739	0.206689	0.222789	0.220039	0.195546	0.193429	0.234109	0.195097	0.254123	0.206054	0.1911	0.229241	0.192851	0.211227	0.212648	0.205557	0.224314	0.201493	0.175346	0.169778	0.229686	0.234177	0.210548	0.180332	0.22416	0.207683	0.230445	0.152984	0.223666	0.202825	0.23243	0.23316	0.238438	0.188555	0.197551	0.216986	0.195938	0.241972	0.216239	0.189225	0.245947	0.235484	0.239272	0.237146	0.243127	0.236224	0.224861	0.223272	0.237279	0.206306	0.212828	0.19983	0.214868	0.226957	0.246231	0.224753	0.239722	0.22597	0.235983	0.176	0.239509	0.199899	0.230617	0.218805	0.226542	0.222961	0.202467	0.224154	0.2181	0.177906	0.17965	0.207554	0.243997	0.172957	0.174904	0.227177	0.202792	0.199625	0.225132	0.19458	0.198074	0.23563	0.176865	0.186466	0.185672	0.204156	0.202252	0.17981	0.184411	0.223009	0.211507	0.231838	0.215851	0.209505	0.224014	0.202511	0.230293	0.241222	0.21592	0.238843	0.197531	0.244837	0.198974	0.202817	0.209248	0.205057	0.172578	0.220773	0.177183	0.213649	0.235957	0.198739	0.207348	0.194644	0.17181	0.204042	0.203463	0.188409	0.208957	0.165671	0.206694	0.176939	0.232984	0.224858	0.226593	0.216154	0.212083	0.227929	0.222667	0.168553	0.206574	0.207748	0.200842	0.209844	0.237557	0.239133	0.189567	0.207668	0.219553	0.227237	0.232367	0.240312	0.2282	0.179829	0.202764	0.241251	0.236153	0.214688	0.215923	0.220882	0.217569	0.195202	0.219827	0.239651	0.204801
Breddin	0.223292	0.218911	0.201343	0.191719	0.232839	0.223084	0.234939	0.202117	0.163343	0.202363	0.19183	0.194971	0.18969	0.231296	0.186015	0.19167	0.234725	0.207648	0.223102	0.231235	0	0.199286	0.220952	0.221809	0.213822	0.231725	0.230435	0.226665	0.229895	0.226953	0.199361	0.195764	0.233687	0.188842	0.242658	0.230679	0.22276	0.235784	0.211273	0.214586	0.219469	0.221559	0.190642	0.237713	0.175549	0.204473	0.23359	0.241606	0.232352	0.213504	0.235521	0.210172	0.179593	0.234266	0.207922	0.168925	0.224352	0.191218	0.21528	0.156705	0.179976	0.195398	0.180963	0.194049	0.210021	0.231063	0.232196	0.227083	0.199489	0.232125	0.213364	0.220781	0.188172	0.183539	0.212975	0.184213	0.180843	0.180326	0.227407	0.204673	0.189882	0.230849	0.216073	0.235544	0.230488	0.233525	0.195673	0.179132	0.181563	0.186893	0.229717	0.17902	0.225709	0.178025	0.235355	0.168525	0.252023	0.216922	0.179371	0.217691	0.224865	0.219481	0.240417	0.225011	0.221534	0.211033	0.198032	0.225314	0.217713	0.256393	0.218587	0.228365	0.171311	0.229001	0.207894	0.212199	0.225832	0.218084	0.216753	0.214875	0.24606	0.237868	0.248982	0.236135	0.232937	0.215025	0.229414	0.184155	0.198351	0.238207	0.197455	0.231664	0.216882	0.221009	0.228545	0.230779	0.233744	0.207221	0.247791	0.217827	0.257049	0.213022	0.200843	0.222234	0.222715	0.222397	0.196086	0.236103	0.226964	0.227335	0.217648	0.235602	0.228288	0.1904	0.238826	0.177824	0.235022	0.221893	0.178663	0.229504	0.236018	0.225009	0.229857	0.223295	0.208707	0.21571	0.191095	0.224727	0.170203	0.241312	0.180023	0.19829	0.193658	0.192616	0.230806	0.218978	0.219085	0.18683	0.2376	0.21778	0.237556	0.224963	0.233955	0.164725	0.191525	0.235128
Brelingen	0.237093	0.205686	0.174546	0.194344	0.24083	0.223214	0.235732	0.214078	0.208882	0.199922	0.18457	0.20034	0.186007	0.236812	0.189009	0.198498	0.240596	0.215146	0.233171	0.236579	0.199286	0	0.207159	0.208234	0.224921	0.230161	0.225893	0.220926	0.220179	0.219028	0.208437	0.167218	0.239693	0.181803	0.234797	0.234578	0.219772	0.240833	0.222861	0.222047	0.245759	0.233983	0.164094	0.243041	0.212172	0.201371	0.221293	0.247917	0.227161	0.21616	0.237339	0.189319	0.199488	0.214482	0.214287	0.184711	0.210852	0.191687	0.218114	0.207099	0.18825	0.209881	0.198603	0.190228	0.210243	0.219353	0.230759	0.226563	0.192297	0.244955	0.2229	0.217796	0.170956	0.199246	0.208976	0.19586	0.195123	0.190941	0.230996	0.190087	0.193754	0.229785	0.213013	0.231264	0.234332	0.239981	0.210232	0.204214	0.186443	0.206941	0.223073	0.19272	0.225503	0.206524	0.237079	0.210513	0.250721	0.237609	0.165241	0.229891	0.219161	0.226486	0.235042	0.242155	0.214599	0.211337	0.211421	0.225857	0.230462	0.250678	0.225084	0.240914	0.210612	0.216185	0.198579	0.224359	0.217156	0.222139	0.221528	0.232328	0.257847	0.230849	0.246608	0.238856	0.237555	0.224518	0.227238	0.178092	0.173676	0.219571	0.201114	0.230966	0.199001	0.229978	0.232753	0.237617	0.231719	0.219578	0.251618	0.220821	0.246304	0.210153	0.204831	0.207118	0.20813	0.226702	0.202221	0.230429	0.221336	0.215191	0.214752	0.242206	0.234253	0.202957	0.2419	0.200744	0.241902	0.238404	0.17401	0.230223	0.232529	0.225359	0.234709	0.245851	0.224735	0.20102	0.200028	0.22728	0.189667	0.245502	0.185707	0.162873	0.208101	0.153821	0.21296	0.228234	0.238643	0.183738	0.234168	0.198948	0.245434	0.2361	0.235107	0.179711	0.205298	0.233621
Bremscheid	0.243959	0.193064	0.183019	0.185685	0.238532	0.23262	0.247128	0.219461	0.222585	0.20354	0.213828	0.227808	0.202628	0.231963	0.215958	0.225658	0.243697	0.225578	0.232312	0.251257	0.220952	0.207159	0	0.176492	0.227952	0.236594	0.239375	0.230179	0.236754	0.228956	0.216977	0.193557	0.24386	0.213982	0.236826	0.239549	0.232118	0.249156	0.234077	0.210393	0.24198	0.235151	0.201248	0.242523	0.220635	0.193769	0.228361	0.257194	0.231315	0.226543	0.242548	0.200779	0.22207	0.227276	0.231259	0.212991	0.229188	0.218239	0.228595	0.226236	0.217607	0.208989	0.210124	0.215331	0.222235	0.236339	0.243293	0.234283	0.181599	0.24354	0.238049	0.209626	0.197575	0.222349	0.190255	0.218091	0.223875	0.221226	0.242883	0.201668	0.221342	0.226828	0.23103	0.222887	0.243866	0.239003	0.220398	0.228636	0.221926	0.216085	0.235374	0.218822	0.243812	0.220189	0.2366	0.235214	0.236445	0.23496	0.206736	0.235497	0.22172	0.228729	0.243579	0.236747	0.224437	0.221592	0.219713	0.230907	0.230232	0.24762	0.228339	0.247059	0.233318	0.237416	0.223235	0.238275	0.232202	0.237328	0.228108	0.240147	0.256885	0.239478	0.251368	0.243231	0.236879	0.233747	0.227582	0.219144	0.211309	0.230305	0.217642	0.228688	0.208089	0.240356	0.236636	0.237174	0.244964	0.227137	0.253078	0.226856	0.245508	0.208525	0.212969	0.209863	0.221507	0.230689	0.22506	0.245406	0.238416	0.231781	0.224322	0.239814	0.228003	0.217926	0.231261	0.22896	0.243756	0.236986	0.213936	0.25009	0.236734	0.236681	0.23964	0.241268	0.239298	0.196381	0.22388	0.227485	0.224546	0.24281	0.214242	0.203285	0.215393	0.194944	0.219469	0.232845	0.240907	0.214048	0.246666	0.219917	0.247877	0.234953	0.236969	0.20992	0.226254	0.241531
